1  10      534.7 
2  10      442.6 
2  8.3    140.2 
1  12.3   177.0 
3  9       222.8  
2  20.5    95.4 
2  10.5   233.0 
3  16.5    319.8 
3  10.5    94.6  
3  37.5    321.2
3  31      340.0 
1  8.2    222.7 
2  11      460.6 
1  14      210.9 
2  15      106.4 
2  10      482.4 
2  10.3    325.2 
2  12.5    363.8  
2  11.5    205.0 
3  16.5    150.2 
3  21      246.1 
3  15      149.3
3  10.5    154.8 
2  11      109.8 
2  12.5    368.1
3  22.5    429.2
1  12.5    93.0   
1  14      45.0  
1  14      138.2 
2  14.5    272.3 
2  16.5    869.5  
3  15      467.3 
% # of rows    = Ntubes
% # of columns = 3
% column 1: classification            (1=AC, 2=TC, 3=VC or Venule)
% column 2: radius of the tube        (R)  units: micron
% column 3: length of the tube        (L)  units: micron
